[-0.31476537 -4.43552009 -0.58353728  0.68628549],[-1.74666364 -4.00914246 -0.09945643  1.48949917],[-0.67177933 -3.70511938 -0.60387818  0.31124652],[ 18.93137663  17.09774494   1.67710393 -37.275087  ],[-1.22665446 -4.40849191 -0.17505885  1.13692721],[-0.61900331 -3.33192133 -0.79490804  0.07141947],[-2.10675573 -3.69175384 -0.55347168  0.23179141],[-0.98354565 -3.05370849 -0.78247992  0.11495034],[-3.22568232 -3.0689137  -0.74104821  0.13251865],[-2.59689465 -3.43707727 -2.12780204 -1.47142382],[ 0.17198435 -5.23724029 -0.50378855  0.94728227],[ 0.07884848 -3.81884552 -1.11898053  0.17993713],[-0.03440876 -4.18370042 -0.76794736  0.27931089],[ 0.33695212  1.01885031 -3.60651328 -1.80262023],[-10.81003855  -7.44237149   2.97205524   6.78380487],[ 0.00993504 -4.35486463 -0.88617087  0.58441352],[-2.65228633 -1.52521244 -2.82348162 -2.04458668],[-0.15254435 -3.99953046 -0.92681798  0.41038039],[-1.46725145 -0.2692739  -0.54777319 -0.96366813],[-1.25220478 -2.55161308 -1.04805544  0.28676438],[ 0.49462235  3.17535473 -2.0398472  -2.55849041],[-0.29488556 -4.81842014 -0.40614226  0.86871896],[-2.237978   -0.55617417 -5.44246823 -5.09110661],[ 1.32890452 -5.45200562 -1.14573031  0.51306503],[ 2.11746375  5.78840345 -8.16738353 -8.57233014],[-0.06666922 -4.27148701 -0.6466505   0.2145483 ],[-1.22496156 -2.71629372 -0.66624453 -0.1555508 ],[-0.65238607 -3.40948471 -0.70836532  0.07096054],[-2.86015059 -1.98660663 -2.25494873 -1.34155399],[-0.10403862 -4.6856403  -0.73147773  0.9136202 ],[-3.42698013 -2.05682714 -4.209569   -3.47743432],[-0.57177846 -5.10617783 -0.09484752  1.17980065],[-0.42746117 -4.83432135 -0.38571358  1.06500016],[-1.66646514 -2.6242658  -0.75582886  0.60903906],[-2.50115431 -0.65700641 -6.94304438 -6.23413792],[ 1.15614444 -5.58183674 -0.99942515  0.71082316],[-2.52495786 -2.67295759 -1.77110271 -0.93321748],[-3.05498744 -2.61598464 -3.22012977 -2.34168215],[ 0.17458535 -4.537536   -0.8990446   0.57922443],[-1.41070792 -1.48002329 -1.3966174  -0.00693797],[-2.09620404 -2.77200835 -2.85044208 -2.11758362],[-3.15902544 -2.3971302  -3.13410256 -2.44529101],[-2.42173975 -2.88437636 -2.00709082 -1.00148873],[-0.82133702 -4.37480929 -0.39194738  0.93418884],[ 0.72704112 -5.37001152 -0.53911782  0.37193994],[-0.91439474 -0.19719739 -2.13457337 -0.8284032 ],[-3.4735126  -1.60243392 -5.60569953 -4.86252017],[-3.08176439 -2.4103952  -3.00032434 -2.6887295 ],[  3.31314111   9.88632181 -10.36679093 -11.47909393],[ 0.20979416  2.61795665 -1.50045382 -1.2042954 ],[-1.07529122 -4.53310225  0.03818155  0.99310281],[-3.21324237 -2.11678789 -3.32197641 -2.60443185],[-2.6647017  -0.80943409 -4.60187764 -4.28701773],[-0.44509256 -0.33446679 -2.36210874 -1.09507523],[-2.48910523 -2.74459947 -1.62197298 -1.3439429 ],[-1.09990219 -3.42271205 -0.81206806  0.63488012],[-3.01566453 -3.56228299 -1.39056701 -1.11680032],[ 3.13096316  8.39330047 -8.9727344  -9.63089544],[ 0.56847819 -5.503854   -0.46196656  0.64685944],[-0.04788172 -3.76004319 -1.06953442  0.15874296],[-0.86188373 -4.19153987 -0.42711673  0.72873849],[-1.19326758 -1.16971164 -1.6555576  -0.01287325],[ 0.42960319  0.23285148 -3.25591719 -1.56824459],[-3.23961127 -1.89777697 -5.64111055 -4.81743596],[-2.79037841 -2.92925782 -2.25644238 -1.80563317],[-3.46568885 -2.30288324 -1.62338165 -2.05068668],[-5.68360598 -4.15165805 -0.62411414  0.66880378],[-5.99048481 -4.32481725 -0.72857494  1.15369891],[ 0.21536278 -4.39482657 -1.12735422  0.64049103],[-4.12940876 -2.67449028 -1.27570741 -0.58194813],[-0.40631589 -4.84993694 -0.33953998  0.97655012],[ 0.24458662 -5.18301636 -0.51498354  0.76005163],[-0.16475334 -3.29729799 -1.33101789  0.17666397],[-4.3953805  -3.57989086 -1.27921276  0.18646422],[-0.6327755  -4.2570515  -0.48796387  0.75809511],[-3.77356209 -2.40222279 -1.14963062 -0.63477124],[ 0.0537385  -3.79599895 -1.42663224  0.5322118 ],[ 0.58543772 -4.85911441 -1.01216116  0.58030715],[-0.89518524 -1.04942992 -1.78024244 -0.68605595],[-3.05537084 -1.66789283 -4.3493322  -3.76436874],[-1.60694099 -1.96595802 -0.84729883  0.27131899],[-7.84408763 -6.17309896  0.66645752  3.10056026],[-5.37038441 -5.12018853 -0.37150418  0.35956779],[-3.34995589 -2.56284807 -2.47198791 -1.76198998],[-0.93582576 -3.18362387 -0.73974731  0.19260113],[-0.77750972 -7.78753295  2.46559913  6.77571937],[-1.65626523 -2.01787032 -0.83820616 -0.15391394],[-21.47623334 -37.46096328  52.72626685   8.90670937],[-3.64753017 -2.68442776 -1.55137429 -2.34405005],[ 0.60501716 -5.68398552 -0.58543626  0.99610857],[-5.57370959 -4.15739112 -0.8014896   0.67686615],[-1.53334288 -1.78403681 -1.13099788  0.26777267],[-3.03974197 -1.82590784 -1.98012406 -1.19304643],[ 0.65151659 -4.52338097 -1.25769482  0.41106738],[-4.01774261 -2.86903367 -2.18584778 -1.15679598],[-0.13491614 -4.42111992 -0.53790897  0.38567852],[-1.09190436 -3.75198984 -0.12519912  0.19957903],[ 1.13770351 -3.9282573  -1.86856311 -0.23718233],[-0.83397379 -4.34452914 -0.13688059  0.7266855 ],[ 0.39811895 -4.66840938 -0.91790844  0.49430586],
[-0.42368755 -1.44310639 -0.69076567 -1.58911824 -0.40057208 -0.88736128
 -0.01099865 -0.46719497 -1.50574909 -0.51190223 -0.98015902 -0.09656958
 -0.31559293  0.55405973 -0.82058819 -0.18384214  0.35391338 -0.2039555
 -0.74495251 -0.15522829 -0.93867285 -0.39611032  0.62661556  0.20455298
  2.43396284 -0.4174242  -0.81014883 -0.63420829  0.21225708 -0.21785111
  0.41608183 -0.9577833  -0.76121869 -0.65954885  2.33418283 -0.17191295
  0.27621651  1.34468815  0.09890537 -0.85441535  0.49363708  0.74105405
  0.65643749 -0.29607377 -0.74765677 -0.44264992  0.70932876  0.74030313
  3.82560282 -1.92927107 -1.38572021  0.17556878  1.60250062  0.09677392
 -0.34091866  0.25034987 -0.92370948  2.75403343 -0.63056982 -0.08959159
 -0.26065177 -0.75202145  0.73656461  1.62797715  0.00715744 -1.32478135
 -1.08141265 -1.31104529  0.4641998  -0.85970753 -0.60644325 -0.46619158
  0.08059931 -1.37748844 -0.61919493 -0.51669429  0.59314818  0.3160802
 -0.0464297   0.63514295 -1.23511866 -1.06534287 -0.94644726 -0.19287695
 -0.78486943 -0.58111067 -0.5685389  -1.92206348 -1.69196227 -0.50956036
 -1.05788152 -0.93454324 -0.14090154  0.55332197 -0.56589793 -0.73284687
 -1.22207234  0.53197951 -1.38083653 -0.27356195],[ 1.38916528  0.82950291  1.39044243  4.1464757   0.37198128  1.15475284
  0.22690383  1.44336623 -0.03652123 -0.65461902  1.29577029  1.65953221
  1.52017767  1.93888191 -1.84151392  1.56724895 -0.37715778  1.56553531
  0.47375949  1.61865329  0.58885908  1.06859806 -1.84434382  1.53213513
 -4.04186644  1.38972214  1.13311359  1.37780666 -0.02873611  1.36016279
 -1.15964759  0.75309023  1.11117976  1.64068996 -1.55485002  1.28735792
  0.14148606 -0.05769489  1.4940854   1.51587126 -0.33498024 -0.42869198
  0.44272319  0.75756119  1.27325016  1.46072946 -1.88375929 -0.45035934
 -7.25894332  0.19562382  0.88412651 -0.82120141 -0.6231202   1.74226378
 -0.14057855  1.20119306 -0.57368175 -5.27087031  1.2844141   1.586912
  0.68146462  1.71508191  1.91013234 -1.72424282 -0.47246394 -0.8086401
 -0.77842064 -0.96413737  1.38018378 -0.20695116  1.02821826  1.28868948
  1.74567409 -0.37714971  1.31954408  0.06954208  1.62996512  1.41490231
  1.67752394 -1.11017334  1.11735137 -1.45309802 -0.12134919 -0.54762044
  1.39520569  0.27321065  1.32611107 -8.637727   -1.75373378  1.10923185
 -0.73479578  1.62346403 -0.12098379  1.55619576 -1.04291992  1.35969967
  1.02893572  1.57348414  1.19138522  1.55622418],[-1.45881182 -1.78327295 -1.24964958 -4.6177558  -2.07632262 -1.13622604
 -1.73080089 -1.16441538 -0.38842872 -1.04045115 -1.70513277 -1.24465478
 -1.29907347 -0.96207098  3.19059763 -1.3967538  -0.01540609 -1.32992229
 -0.10180445 -1.08624482  0.18169105 -1.68172179  0.34753586 -1.64564162
 -0.24675207 -1.37665923 -1.03589462 -1.15991199 -0.39439976 -1.58130693
 -0.89651361 -2.01284702 -1.73917379 -1.06017139 -0.35189894 -1.78761172
 -0.84329504 -1.33154347 -1.45144879 -0.9203633  -0.63244351 -0.96952864
 -1.23340907 -1.73922366 -1.676301   -0.82063398 -0.87696724 -0.90913456
 -1.34878335 -0.22002217 -1.71345066 -0.51268218 -0.3074316  -0.94551238
 -0.61593586 -1.33855896 -1.46352525 -0.49356198 -1.70757863 -1.28044844
 -1.62904594 -0.84470283 -0.99744806 -1.23434925 -0.89113005  0.74304911
  0.9568959   0.979387   -1.45918456  0.72707229 -1.7405646  -1.66267128
 -1.1725926   0.48336525 -1.46846463  0.7553741  -1.33132044 -1.53023413
 -0.94121271 -0.47201455 -0.78376469  1.84059565  2.2508975  -0.7210996
 -1.18941515 -1.90818505 -0.97327894 10.2034957   1.88856356 -1.91573816
  1.06273533 -0.85907226  0.23360475 -1.43036721  1.24402572 -1.39928697
 -1.30916139 -1.42049419 -1.41690787 -1.47173149],